>> random
  Columns 1 through 19

    17    18    47   120   189   142    59   212    41   202     7   240    85   198   147   204    65   130   223

  Columns 20 through 38

   104   237   254   235   196    89    58   183   224   133    54    67   188   113   242   143    88    29   110

  Columns 39 through 57

   155   180   137   170   103   208   181   166   243   172   161    98    63    72    77   222    75   164   185

  Columns 58 through 76

    26    23   192   229    22   163   156   209   210   239    56   125    78   251   148   233   138   199   176

  Columns 77 through 95

    21   134    83   140     1    66   159    40   173   190   171   132    25   250   119   160    69   246     3

  Columns 96 through 114

   124    49   178    79    24   221    46    91   116    73   106    39   144   117   102   179   108    97    34

  Columns 115 through 133

   255     8    13   158    11   100   121   218   215   128   165   214    99    92   145   146   175   248    61

  Columns 134 through 152

    14   187    84   169    74   135   112   213    70    19    76   193     2    95   232   109   126   107    68

  Columns 153 through 171

   217   186    55    96     5   182   195    60   241   114    15   216   157   238    27    52     9    42   231

  Columns 172 through 190

    80    53    38   115    44    33   226   191   200   205    94   203    36    57   154   151    64   101   150

  Columns 191 through 209

    35    28    81    82   111   184   253   206   123    20   105    10    71    48   149     6   211    12   129

  Columns 210 through 228

   194    31   168    45    62    43     4   153   122   247    32   197   118   131   252   177    50   207   152

  Columns 229 through 247

    93   174   219   244   201   234   167    16   245   230    51   236   225   162   127   136   141    30   139

  Columns 248 through 257

   228   249    90    87     0    37    86   227   220    17


c =

    25    25    25    25    25    25    25    25    25    30


x02 =

    0.8828